Doug	LaMalfa		81.73	99.71	87.65	52.25	93.67
Jared	Huffman		65.69	73.85	83.56	79.86	74.38
John	Garamendi	99.06	96.32	78.46	95.18	62.10
Tom	McClintock	73.36	94.41	68.75	63.74	70.72
Mike	Thompson	69.09	82.52	97.21	63.48	99.85
Doris	Matsui		52.00	78.32	99.45	50.14	83.54
Ami	Bera		65.09	55.25	73.38	99.05	59.08
Paul	Cook		60.22	89.22	53.76	81.71	95.85
Jerry	McNerney	99.20	73.27	77.02	89.78	59.90
Jeff	Denham		77.33	58.76	56.22	95.48	93.76
Mark	DeSaulnier	93.55	86.71	78.45	97.53	94.05
Nancy	Pelosi		68.64	86.85	86.74	85.41	51.52
Barbara	Lee		58.47	79.48	56.16	95.09	57.87
Jackie	Speier		82.85	59.65	66.78	50.04	98.21
Eric	Swalwell	95.62	60.37	85.13	84.87	72.20
Jim	Costa		82.23	92.48	57.69	77.43	96.07
Ro	Khanna		58.55	92.70	76.13	82.42	72.36
Anna	Eshoo		59.12	92.06	54.39	64.60	85.05
Zoe	Lofgren		87.83	76.91	90.75	99.05	64.67
Jimmy	Panetta		62.86	66.83	69.74	72.33	65.58
David	Valadao		56.47	90.47	94.80	54.06	81.52
Devin	Nunes		77.11	61.05	94.16	84.33	62.62
Kevin	McCarthy	71.28	66.23	58.92	83.22	78.13
Salud	Carbajal	77.35	89.95	57.63	69.46	74.01
Steve	Knight		92.75	62.57	63.59	79.74	85.38
Julia	Brownley	54.70	50.72	70.13	93.50	82.01
Judy	Chu		94.59	56.98	92.01	64.86	96.20
Adam	Schiff		82.29	73.24	60.37	67.96	72.25
Tony	Cardenas	99.86	52.14	69.72	71.18	52.36
Brad	Sherman		80.65	70.25	65.57	64.98	99.24
Pete	Aguilar		66.96	68.56	61.09	54.29	73.53
Grace	Napolitano	66.05	98.92	98.31	70.76	76.75
Ted	Lieu		71.08	99.32	58.12	99.49	66.95
Jimmy	Gomez		60.11	94.61	63.18	55.07	56.89
Norma	Torres		75.64	56.46	74.14	97.11	59.17
Raul	Ruiz		96.42	84.73	83.04	78.27	98.49
Karen	Bass		80.82	98.77	59.06	82.37	89.78
Linda	Sanchez		65.15	52.96	92.11	51.61	79.65
Ed	Royce		89.49	71.98	63.61	74.96	61.16
Lucille	Roybal-Allard	73.64	54.58	93.50	65.22	74.25
Mark	Takano		63.25	82.62	98.00	59.55	89.65
Ken	Calvert		68.94	76.28	70.85	64.08	68.66
Maxine	Waters		96.56	79.91	87.86	85.04	87.92
Nanette	Barragan	90.98	92.13	83.23	65.79	75.14
Mimi	Walters		85.50	67.32	54.38	68.05	69.33
Lou	Correa		64.66	63.21	58.47	89.86	97.35
Alan	Lowenthal	78.73	61.71	69.45	91.64	65.64
Dana	Rohrabacher	59.09	65.62	91.78	63.56	91.59
Darrell	Issa		95.29	55.98	64.08	73.77	83.44
Duncan	Hunter		68.70	59.69	91.67	99.81	55.31
Juan	Vargas		71.21	66.72	84.94	82.18	82.60
Scott	Peters		56.33	86.54	67.79	92.35	70.35
Susan	Davis		80.62	68.17	78.94	62.13	87.26